189 250 250 250 250 250 250 250 250 250 250 250 250 250 250 250 250 250 250 250 250 250 250 250 250 250 250 250 250 250 250 250 250 250 250 250 250 250 250 250 250 250 250 250 250 250 250 250 250 250 250 250 250 250 250 250 250 250 250 250 250 250 250 250 
290 189 250 250 250 250 250 250 250 250 250 250 250 250 250 250 250 250 250 250 250 250 250 250 250 250 250 250 250 250 250 250 250 250 250 250 250 250 250 250 250 250 250 250 250 250 250 250 250 250 250 250 250 250 250 250 250 250 250 250 250 250 250 250 
250 290 189 250 250 250 250 250 250 250 250 250 250 250 250 250 250 250 250 250 250 250 250 250 250 250 250 250 250 250 250 250 250 250 250 250 250 250 250 250 250 250 250 250 250 250 250 250 250 250 250 250 250 250 250 250 250 250 250 250 250 250 250 250 
250 250 290 189 250 250 250 250 250 250 250 250 250 250 250 250 250 250 250 250 250 250 250 250 250 250 250 250 250 250 250 250 250 250 250 250 250 250 250 250 250 250 250 250 250 251 250 250 250 250 250 250 250 250 250 250 250 250 250 250 250 250 250 250 
250 250 250 290 189 250 250 250 250 250 250 250 250 250 250 250 250 250 250 250 250 250 250 250 250 250 250 250 250 250 250 250 250 250 250 250 250 250 250 250 250 250 250 250 250 250 250 250 250 250 250 250 250 250 250 250 250 250 250 250 250 250 250 250 
250 250 250 250 290 189 250 250 250 250 250 250 250 250 250 250 250 251 250 250 250 250 250 250 250 250 250 250 250 250 250 250 250 250 250 250 250 250 250 250 250 250 250 250 250 250 251 250 250 250 250 250 250 250 250 250 250 250 250 250 250 250 250 250 
250 250 250 250 250 290 189 250 250 250 250 250 250 250 250 250 250 250 250 250 250 250 250 250 250 250 250 250 250 250 250 250 250 250 250 250 250 250 250 250 250 250 250 250 250 250 250 250 250 250 250 250 250 250 250 250 250 250 250 250 250 250 250 250 
250 250 250 250 250 250 290 189 250 250 250 250 250 250 250 250 250 250 250 250 250 250 250 250 250 250 250 250 250 250 250 250 250 250 250 250 250 250 250 250 250 250 250 250 250 250 250 250 250 250 250 250 250 250 250 250 250 250 250 250 250 250 250 250 
250 250 250 250 250 250 250 290 189 250 250 250 250 250 250 250 250 250 250 250 250 250 250 250 250 250 250 250 250 250 250 250 250 250 250 250 251 251 250 250 250 250 250 250 250 250 250 250 250 250 250 250 250 250 250 250 250 250 250 250 250 250 250 250 
250 250 250 250 250 250 250 250 290 189 250 250 250 250 250 250 250 250 250 251 250 250 251 250 250 250 250 250 250 250 250 250 250 250 250 250 250 250 250 251 250 250 250 250 250 250 250 250 250 250 250 250 250 250 250 250 250 250 250 250 250 250 250 250 
250 250 250 187 189 250 250 250 250 290 189 250 250 250 250 250 250 250 250 251 250 250 250 250 250 250 250 250 250 250 250 250 250 250 250 250 250 250 250 250 250 250 250 250 250 250 250 250 250 250 250 250 250 250 250 250 250 250 250 250 250 250 250 250 
250 250 250 227 229 250 250 250 250 250 290 189 250 250 250 251 250 250 250 250 250 250 250 250 250 250 250 250 250 250 250 250 250 250 250 250 250 250 250 250 250 250 250 250 250 250 250 250 250 250 250 250 250 250 250 250 250 250 250 250 250 250 250 250 
250 250 250 250 250 250 250 250 250 250 250 290 189 250 250 250 250 250 250 250 250 250 250 250 250 250 250 250 250 250 250 250 250 250 250 250 250 250 250 250 250 250 250 250 250 250 251 250 250 250 250 250 250 250 250 250 250 250 250 250 250 250 250 250 
250 250 250 250 250 250 250 250 250 250 250 250 290 189 250 250 250 250 250 250 250 250 250 250 250 250 250 250 250 250 250 250 250 250 250 250 250 250 250 250 250 250 250 250 250 250 250 250 250 250 250 250 250 250 250 250 250 250 250 250 250 250 250 250 
283 250 250 250 250 250 250 250 250 250 250 250 250 290 189 250 250 250 250 250 250 250 250 250 250 250 250 250 250 250 250 250 250 250 250 250 250 250 250 250 250 250 250 250 250 250 250 250 250 250 250 250 250 250 250 250 250 250 250 250 250 250 250 250 
283 250 250 250 250 250 250 250 250 250 250 250 250 250 290 189 250 250 250 250 250 250 250 250 250 250 250 250 250 250 250 250 250 250 250 250 250 250 250 250 250 250 250 250 250 250 250 250 250 250 250 250 250 250 250 250 250 250 250 250 250 250 250 250 
283 250 250 250 250 250 250 250 250 250 250 250 250 250 250 290 189 250 250 250 250 250 250 250 250 250 250 250 250 250 250 250 250 250 250 250 250 250 250 250 250 250 250 250 250 250 250 250 250 250 250 250 250 250 250 250 250 250 250 250 250 250 250 250 
283 250 250 250 250 250 250 250 250 250 250 250 250 250 250 250 290 189 250 250 250 250 250 250 250 250 250 250 250 250 250 250 250 250 250 250 250 250 250 250 250 250 250 250 250 251 250 250 250 250 251 250 250 250 250 250 250 250 250 250 250 250 250 250 
283 250 250 250 250 250 250 250 250 250 250 250 250 250 250 250 250 290 189 250 250 250 250 250 250 250 250 250 250 250 250 250 250 250 250 250 250 250 250 250 250 250 250 250 250 250 250 250 250 250 250 250 250 250 250 250 250 250 250 250 250 250 250 250 
283 250 250 250 250 250 250 250 250 250 250 250 250 250 250 250 250 250 290 189 250 250 250 250 250 250 250 250 250 250 250 250 250 250 251 251 250 250 250 250 250 250 250 250 250 250 250 250 250 250 250 250 250 250 250 250 250 250 250 250 250 250 250 250 
283 250 250 250 250 250 250 250 250 250 250 250 250 250 250 250 250 250 250 290 189 250 250 250 250 250 250 250 250 250 250 250 250 251 251 250 250 250 250 250 250 250 250 250 250 250 250 250 250 250 250 250 250 250 250 250 250 250 250 250 250 250 250 250 
283 250 250 250 250 250 250 250 250 250 250 250 250 250 250 250 250 250 250 250 290 189 250 250 250 250 250 250 250 250 250 250 250 251 250 250 250 250 250 251 250 250 250 250 250 250 250 250 250 250 250 250 250 250 250 250 250 250 250 250 250 250 250 250 
250 250 250 250 250 250 250 250 250 250 250 250 250 250 250 250 250 250 250 250 250 290 189 250 250 250 250 250 250 250 250 250 250 250 250 250 250 250 250 250 250 250 250 250 250 250 250 250 250 250 250 250 251 250 250 250 250 250 250 250 250 250 250 250 
250 250 250 250 250 250 250 250 250 250 250 250 250 250 250 250 250 250 250 250 250 250 290 189 250 250 250 250 250 250 250 250 251 250 250 250 250 250 250 251 250 250 250 250 250 250 250 250 250 250 250 250 250 250 250 250 250 250 250 250 250 250 250 250 
250 250 250 250 250 250 250 250 250 250 250 250 250 250 250 250 250 250 250 250 250 250 250 290 189 250 250 250 250 250 250 250 250 250 250 250 250 250 250 250 250 250 250 250 250 250 250 250 250 250 250 250 250 250 250 250 250 250 250 250 250 250 250 250 
250 250 250 250 250 250 250 250 250 250 250 250 250 250 250 250 250 250 250 250 250 250 250 250 290 189 250 250 250 250 250 250 250 250 250 250 250 250 250 250 250 250 250 250 250 250 250 250 250 250 250 250 250 250 250 250 250 250 250 250 250 250 250 250 
250 250 250 250 250 250 283 250 250 250 250 250 250 250 250 250 250 250 250 250 250 250 250 250 250 290 189 250 250 250 250 250 250 250 250 250 250 250 250 250 250 250 250 250 250 250 250 250 250 250 250 250 250 250 250 250 250 250 250 250 250 250 250 250 
250 250 250 250 250 250 250 250 250 250 250 250 250 250 250 250 250 250 250 250 250 250 250 250 250 250 290 189 250 250 250 250 250 250 250 250 250 250 250 251 250 250 250 250 250 250 250 250 250 250 250 250 250 250 250 250 250 250 250 250 250 250 250 250 
283 250 250 250 250 250 250 250 250 250 250 250 250 250 250 250 250 250 250 250 250 250 250 250 250 250 250 290 189 250 250 250 250 250 250 250 250 250 250 251 250 250 250 250 250 250 250 250 250 250 250 250 250 250 250 250 250 250 250 250 250 250 250 250 
250 250 250 250 187 189 250 250 250 250 250 250 250 250 250 250 250 250 250 250 250 250 250 250 250 250 250 250 290 189 250 250 250 250 250 250 250 250 250 251 250 250 250 250 250 250 250 250 250 250 250 250 250 250 250 250 250 250 250 250 250 250 250 250 
250 250 250 250 227 229 250 250 250 250 250 250 250 250 250 250 250 250 250 250 250 250 250 250 250 250 250 250 250 290 189 250 250 250 250 250 250 250 250 251 250 250 250 250 250 250 250 250 250 250 250 250 250 250 250 250 250 250 250 250 250 250 250 250 
250 250 250 250 250 250 250 250 250 250 250 250 250 250 250 250 250 250 187 189 250 250 250 250 250 250 250 250 250 250 290 189 250 250 250 250 250 250 250 251 250 250 250 250 250 250 250 250 250 250 250 250 251 250 250 250 250 251 250 250 250 250 250 250 
250 250 250 250 250 250 250 250 250 250 250 250 250 250 250 250 250 250 227 229 250 250 250 250 250 250 250 250 250 250 250 290 189 250 250 250 250 250 250 250 250 250 250 250 250 250 250 250 250 250 250 250 250 250 250 250 250 250 250 250 250 250 250 250 
250 250 250 250 250 250 250 250 250 250 250 250 250 250 250 250 250 250 250 250 250 250 250 250 250 250 250 250 250 250 250 250 290 189 250 250 250 250 250 250 250 250 250 250 250 250 250 250 250 250 250 250 250 250 250 250 250 250 250 250 250 250 250 250 
250 250 250 250 250 250 250 250 250 250 250 250 250 250 250 250 250 250 250 250 250 250 250 187 189 250 250 250 250 250 250 250 250 290 189 250 250 250 250 250 250 250 250 250 250 250 250 250 250 250 250 250 250 250 250 251 250 250 250 250 250 250 250 250 
250 250 250 250 250 250 250 250 250 250 250 250 250 250 250 250 250 250 250 250 250 250 187 291 290 189 250 250 250 250 250 250 250 250 290 189 250 250 250 250 250 250 250 250 250 250 250 250 250 250 250 250 250 250 250 250 250 250 250 251 250 250 250 250 
250 250 250 250 250 250 250 250 250 250 250 250 250 250 250 250 250 250 250 250 250 250 227 271 270 229 250 250 250 250 250 250 250 250 250 290 189 250 250 250 250 250 250 250 250 250 250 250 250 250 250 250 250 250 250 250 250 250 250 250 250 250 250 250 
250 250 250 250 250 250 250 250 250 250 250 250 250 250 250 250 187 189 250 250 250 250 250 227 229 250 250 250 250 250 250 250 250 250 250 250 290 189 250 250 250 250 250 251 250 250 250 250 250 250 250 250 250 250 250 250 250 250 250 250 250 250 250 250 
250 250 250 250 250 250 250 250 250 250 250 250 250 250 250 187 291 290 189 250 250 250 250 250 250 250 250 250 250 250 250 250 250 250 250 250 250 290 189 250 250 250 250 250 250 250 250 250 250 250 250 250 250 250 250 250 250 250 250 250 250 250 250 250 
250 250 250 250 250 250 250 250 250 250 250 250 250 250 250 227 271 270 229 250 250 250 250 250 250 250 250 250 250 250 250 250 250 250 250 250 250 250 290 189 250 250 250 250 250 250 250 250 250 250 250 250 250 250 250 250 250 250 250 250 250 250 250 250 
250 250 250 250 250 250 250 250 250 250 250 250 250 250 250 250 227 229 250 250 250 250 250 250 250 250 250 250 250 250 250 250 250 250 250 250 250 250 250 290 189 250 250 250 250 250 250 250 250 250 250 250 250 250 250 250 250 250 250 250 250 250 250 250 
250 250 250 250 250 250 250 250 250 250 250 250 250 250 250 250 250 250 250 250 250 250 250 250 250 250 250 250 250 250 250 250 250 250 250 250 250 250 250 250 290 189 250 250 250 250 250 250 250 250 250 250 250 250 250 250 250 250 250 250 250 250 250 250 
250 250 250 250 250 250 250 250 250 250 250 250 250 250 250 250 250 250 250 250 250 250 250 250 250 250 250 250 250 250 250 250 250 250 250 250 250 250 250 250 250 290 189 250 250 250 250 250 250 250 250 250 250 250 250 250 250 250 250 250 250 250 250 250 
250 250 250 250 250 250 250 250 250 250 250 250 250 250 250 250 250 250 250 250 250 250 250 250 250 250 250 250 250 250 250 250 250 250 250 250 250 250 250 250 250 250 290 189 250 250 250 250 250 251 250 250 250 250 250 250 250 250 250 250 250 250 250 250 
250 250 250 250 250 250 250 250 250 250 250 250 250 250 250 250 250 250 250 250 250 250 250 250 250 250 250 250 250 250 250 250 250 250 250 250 250 250 250 250 250 250 250 290 189 250 250 250 250 250 250 250 250 251 250 250 250 250 250 250 250 250 250 250 
250 250 250 250 250 250 250 250 250 250 250 250 250 250 250 250 250 250 250 250 250 250 250 250 250 250 250 250 250 250 250 250 250 250 250 250 250 250 250 250 250 250 250 250 290 189 250 250 250 250 250 250 250 250 250 250 250 250 250 250 250 250 250 250 
250 250 250 250 250 250 250 250 250 250 250 250 250 250 250 250 250 250 250 250 250 250 250 250 250 250 250 250 250 250 250 250 250 250 250 250 250 250 250 250 250 250 250 250 250 290 189 250 250 250 250 250 250 250 250 251 250 250 250 250 250 250 250 250 
250 250 250 250 250 250 250 250 250 250 250 250 250 250 250 250 250 250 250 250 250 250 250 250 250 250 250 250 250 250 250 250 250 250 250 250 250 250 250 250 250 250 250 250 250 250 290 189 250 250 250 250 250 250 250 250 250 250 250 250 250 250 250 250 
250 250 250 250 250 250 250 250 250 250 250 250 250 250 250 250 250 250 250 250 250 250 250 250 250 250 250 250 250 187 189 250 250 250 250 250 250 250 250 250 250 250 250 250 250 250 250 290 189 250 250 250 250 250 250 250 250 250 250 250 250 250 250 250 
250 250 250 250 250 250 250 250 250 187 188 189 250 250 250 250 250 250 250 250 250 250 250 250 250 250 250 250 187 291 290 189 250 250 250 187 189 250 250 250 250 250 250 250 250 250 250 250 290 189 250 250 250 250 250 250 250 250 250 250 250 250 250 250 
250 250 250 250 250 250 250 250 187 291 208 209 250 250 250 250 250 250 250 250 250 250 250 250 250 250 250 250 227 271 270 229 250 250 250 227 229 250 250 250 250 250 250 250 250 250 250 250 250 290 189 250 250 250 250 250 250 250 250 250 250 250 250 250 
250 250 250 250 250 250 250 187 291 208 270 229 250 250 250 250 250 250 250 250 250 250 250 250 250 250 250 250 250 227 229 250 250 250 250 250 250 250 250 250 250 250 250 250 250 250 250 250 250 250 290 189 250 250 250 250 250 250 250 250 250 250 250 250 
250 250 250 250 250 250 187 291 208 270 229 250 250 250 250 250 250 250 250 250 250 250 250 250 250 250 250 250 250 250 250 250 250 250 250 250 250 250 250 187 189 250 250 250 250 250 250 250 250 250 250 290 189 250 250 250 250 250 250 250 250 250 250 250 
250 250 250 250 250 250 207 208 270 229 250 250 250 250 250 250 250 250 250 250 250 250 250 250 250 250 250 250 250 250 250 250 250 250 250 250 250 250 187 291 290 189 250 250 250 250 250 250 250 250 250 250 290 189 250 250 250 250 250 250 250 250 250 250 
250 250 250 250 250 187 291 270 229 250 250 250 250 250 250 250 250 250 250 250 250 250 250 250 250 250 250 250 250 250 250 250 250 250 250 250 250 250 227 271 270 229 250 250 250 250 250 250 250 250 250 250 250 290 189 250 250 250 250 250 250 250 250 250 
250 250 250 250 250 227 228 229 250 250 250 250 250 250 250 250 250 250 250 250 250 250 250 250 250 250 250 250 250 250 250 250 250 250 250 250 250 250 250 227 229 250 250 250 250 250 250 250 250 250 250 250 250 250 290 189 250 250 250 250 250 250 250 250 
250 250 250 250 250 250 250 250 250 250 250 250 250 250 250 250 250 250 250 250 250 250 250 250 250 250 250 250 250 250 187 189 250 250 250 250 250 250 250 250 250 250 250 250 250 250 250 250 250 250 250 250 250 250 250 290 189 250 250 250 250 250 250 250 
250 250 250 250 250 250 250 250 250 250 250 250 250 250 250 250 250 250 250 250 250 250 250 250 250 250 250 250 250 187 291 290 189 250 250 250 250 250 250 250 250 250 250 187 189 250 250 250 250 250 250 250 250 250 250 250 290 189 250 250 250 250 250 250 
250 250 250 250 250 250 250 250 250 250 250 250 250 250 250 250 250 250 250 250 250 250 250 250 250 250 250 250 250 227 271 270 229 250 250 250 250 250 250 250 250 250 250 227 229 250 250 250 250 250 250 250 250 250 250 250 250 290 189 250 250 250 250 250 
250 250 250 250 250 250 250 250 250 250 250 250 250 250 250 250 250 250 250 250 250 250 250 250 250 250 250 250 250 250 227 229 250 250 250 250 250 250 250 250 250 250 250 250 250 250 250 250 250 250 250 250 250 250 250 250 250 250 290 189 250 250 250 250 
250 250 250 250 250 250 250 250 250 250 250 250 250 250 250 250 250 250 250 250 250 250 250 250 250 250 250 250 250 250 250 250 250 250 250 250 250 250 250 250 250 250 250 250 250 250 250 250 250 250 250 250 250 250 250 250 250 250 250 250 250 250 250 250 
250 250 250 250 250 250 250 250 250 250 250 250 250 250 250 250 250 250 250 250 250 250 250 250 250 250 250 250 250 250 250 250 250 250 250 250 250 250 250 250 250 250 250 250 250 250 250 250 250 250 250 250 250 250 250 250 250 250 250 250 250 250 250 250 
250 250 250 250 250 250 250 250 250 250 250 250 250 250 250 250 250 250 250 250 250 250 250 250 250 250 250 250 250 250 250 250 250 250 250 250 250 250 250 250 250 250 250 250 250 250 250 250 250 250 250 250 250 250 250 250 250 250 250 250 250 290 189 250 
250 250 250 250 250 250 250 250 250 250 250 250 250 250 250 250 250 250 250 250 250 250 250 250 250 250 250 250 250 250 250 250 250 250 250 250 250 250 250 250 250 250 250 250 250 250 250 250 250 250 250 250 250 250 250 250 250 250 250 250 250 250 290 189